Id,SalePrice
1461,128684.75
1462,156763.25
1463,178190.535
1464,185083.49
1465,199694.965
1466,185396.585
1467,168936.37
1468,176812.195
1469,181181.39
1470,119290.055
1471,197919.605
1472,94477.5
1473,97792.875
1474,156156.8
1475,139039.455
1476,378707.945
1477,251952.635
1478,298500.495
1479,249893.695
1480,493796.69
1481,301233.52
1482,209756.5
1483,178512.02
1484,176116.575
1485,170786.405
1486,201961.05
1487,326765.095
1488,236703.145
1489,211552.6
1490,200928.25
1491,190293.525
1492,97988.77
1493,175731.35
1494,298756.405
1495,295837.88
1496,225913.675
1497,189304.88
1498,152791.005
1499,151764.9
1500,152896.01
1501,174839.34
1502,158564.56
1503,297443.505
1504,236408.92
1505,218588.375
1506,179971.275
1507,218337.62
1508,195726.235
1509,162434.91
1510,151111.17
1511,153086.545
1512,172147.83
1513,159018.05
1514,162022.945
1515,182821.05
1516,161647.745
1517,154978.765
1518,129104.215
1519,227275.57
1520,138351.5
1521,146160.75
1522,164850.25
1523,113788.34
1524,122261.445
1525,127079.53
1526,130335.75
1527,103222.66
1528,127566.375
1529,142349.75
1530,164597.85
1531,126492.045
1532,108138.085
1533,147735.105
1534,118077.3
1535,155987.58
1536,120168.705
1537,75236.535
1538,182112.105
1539,235834.01
1540,112170.445
1541,154838.645
1542,144947.42
1543,226272.805
1544,79720.32
1545,106133.01
1546,123967.295
1547,140020.21
1548,134561.25
1549,117043.665
1550,144089.595
1551,118769.3
1552,146605.2
1553,142764.5
1554,113985.765
1555,165789.59
1556,100495.515
1557,127472.36
1558,92985.83
1559,114785.175
1560,154615.29
1561,152080.585
1562,125695.83
1563,123532.83
1564,160389.07
1565,155615.29
1566,222587.825
1567,77618.825
1568,223343.56
1569,141033.24
1570,125010.375
1571,132603.545
1572,143836.5
1573,239005.54
1574,121096.815
1575,215578.43
1576,214395.395
1577,204536.345
1578,159078.805
1579,143885.75
1580,190334.83
1581,141078.375
1582,129138.05
1583,337288.25
1584,245290.93
1585,140649.0416666667
1586,70352.845
1587,104470.855
1588,146881.025
1589,101857.42
1590,137720.875
1591,106250.56
1592,126237.285
1593,117761.895
1594,137762.085
1595,118852.455
1596,239668.31
1597,162718.83
1598,183444.45
1599,217402.04
1600,193512.2
1601,81150.94
1602,115468.38
1603,96134.19
1604,276797.26
1605,250626.86
1606,172332.41
1607,166946.21
1608,212734.035
1609,201633.41
1610,157800.83
1611,153523.405
1612,158467.055
1613,167428.275
1614,121083.27
1615,86262.25
1616,82144.29
1617,86999.17
1618,127823.0
1619,133391.625
1620,151501.535
1621,138455.12
1622,152031.15
1623,297771.89
1624,208374.49
1625,133868.75
1626,171730.525
1627,188688.595
1628,281827.74
1629,174046.775
1630,360921.065
1631,219836.29
1632,248459.84
1633,169239.47
1634,180607.5
1635,179091.615
1636,160783.845
1637,178186.32
1638,217599.6
1639,181176.25
1640,250268.23
1641,183466.97
1642,224357.995
1643,229826.35
1644,227629.405
1645,179199.575
1646,153756.0
1647,161166.15
1648,140508.625
1649,140249.75
1650,120114.93833333334
1651,123192.605
1652,92424.0
1653,98910.75
1654,152685.25
1655,155906.21
1656,150937.96
1657,152486.25
1658,150817.76
1659,144483.585
1660,147599.415
1661,442860.045
1662,370577.585
1663,377213.51
1664,476898.95
1665,311941.79
1666,323746.57
1667,351105.51
1668,324658.105
1669,292405.21
1670,335003.58
1671,270173.775
1672,510622.27
1673,303471.575
1674,247807.225
1675,187158.535
1676,190377.94
1677,217155.435
1678,491085.3
1679,372131.63
1680,327407.305
1681,269435.85
1682,297301.12
1683,189406.195
1684,170740.42
1685,173434.29
1686,168123.225
1687,165048.565
1688,191524.805
1689,189039.675
1690,184289.065
1691,172694.005
1692,253503.6
1693,168124.65
1694,184009.575
1695,170288.325
1696,272486.365
1697,172180.825
1698,345054.86
1699,333653.08
1700,244438.775
1701,267455.105
1702,257314.165
1703,255359.605
1704,306494.08
1705,229256.39
1706,474740.635
1707,222299.185
1708,222512.58
1709,284690.03
1710,228409.61
1711,254116.54
1712,227128.845
1713,248607.87
1714,226196.28
1715,201254.905
1716,191131.1
1717,174586.765
1718,142623.645
1719,205980.575
1720,248443.035
1721,177884.525
1722,137336.92
1723,156380.16
1724,215116.205
1725,230078.69
1726,185913.325
1727,173585.77
1728,187815.505
1729,162842.81
1730,163007.825
1731,121470.08
1732,132810.765
1733,128302.995
1734,132204.15
1735,133970.05
1736,116943.87
1737,367252.36
1738,215429.75
1739,270258.695
1740,188804.205
1741,182875.49
1742,174176.78
1743,175330.475
1744,315729.23
1745,249182.685
1746,270893.295
1747,221135.995
1748,210475.65
1749,159748.795
1750,147122.435
1751,233737.425
1752,123718.995
1753,144050.085
1754,221513.185
1755,164663.25
1756,121694.79666666668
1757,120669.445
1758,147493.145
1759,166890.16
1760,159451.91
1761,156765.87
1762,167186.7
1763,166416.45
1764,118810.25
1765,171437.755
1766,168699.86
1767,206606.95
1768,139669.25
1769,161346.525
1770,139723.75
1771,137251.275
1772,141991.445
1773,143337.84
1774,131672.585
1775,133626.25
1776,121479.375
1777,119032.25
1778,131178.25
1779,114419.53
1780,175468.375
1781,131373.17
1782,99251.61
1783,131176.505
1784,97504.92
1785,117625.435
1786,157629.26
1787,178361.42
1788,63126.84
1789,94835.155
1790,90254.335
1791,171111.875
1792,156068.125
1793,137137.725
1794,140122.13166666665
1795,143566.375
1796,121679.0
1797,116114.845
1798,127808.9
1799,115400.5
1800,121902.25
1801,130587.195
1802,156381.175
1803,154002.06
1804,141876.15
1805,135686.5
1806,114886.645
1807,152374.89
1808,121673.995
1809,126392.695
1810,145619.04
1811,114592.74
1812,118741.9
1813,121149.5
1814,101980.34
1815,62844.46
1816,102680.96
1817,126084.25
1818,135292.455
1819,117718.505
1820,81055.065
1821,121355.0
1822,150039.67
1823,57285.905
1824,135181.425
1825,135330.25
1826,103359.34
1827,107867.445
1828,138722.195
1829,115282.32
1830,147465.66
1831,176072.05
1832,109631.0
1833,147104.0
1834,131087.8
1835,164665.35
1836,128514.375
1837,105456.225
1838,134929.02
1839,89667.0
1840,166420.81
1841,151035.71
1842,93996.31
1843,141374.88
1844,138414.66
1845,137591.405
1846,152196.25
1847,144833.54
1848,64935.72
1849,119217.5
1850,130076.08
1851,152227.45
1852,127621.5
1853,133575.685
1854,173672.85
1855,147912.7
1856,223045.175
1857,160580.905
1858,140348.965
1859,121270.295
1860,157225.98
1861,120957.425
1862,273095.86
1863,270916.335
1864,270916.335
1865,320803.065
1866,327270.845
1867,239983.285
1868,306389.04
1869,194925.135
1870,249776.84
1871,238565.805
1872,169804.95
1873,226833.09
1874,138076.485
1875,207545.345
1876,193779.62
1877,210536.795
1878,213268.67
1879,133328.25
1880,136174.2
1881,240337.62
1882,258473.2
1883,197623.05
1884,218725.52
1885,258232.725
1886,298537.67
1887,202108.48
1888,281877.025
1889,163778.77
1890,134616.355
1891,142689.565
1892,112048.54
1893,137723.625
1894,128455.185
1895,150598.0
1896,124167.5
1897,121569.22
1898,108229.77
1899,133397.205
1900,147580.275
1901,164284.935
1902,135923.88
1903,228712.81
1904,135625.9
1905,176756.575
1906,154685.43
1907,198699.19
1908,117367.62
1909,134850.255
1910,126317.495
1911,195379.42
1912,267496.89
1913,150642.87
1914,64193.365
1915,334392.615
1916,73059.04
1917,251358.8
1918,135926.725
1919,156701.79
1920,154679.05
1921,406772.73
1922,319503.06
1923,205024.78
1924,243687.01
1925,222840.975
1926,383427.21
1927,140414.875
1928,161458.5
1929,127140.25
1930,130435.645
1931,139083.35
1932,136859.525
1933,168902.055
1934,181914.16
1935,177610.955
1936,187991.235
1937,181548.4
1938,167741.8
1939,241074.12
1940,199526.365
1941,177932.92
1942,195871.22
1943,194472.215
1944,307749.705
1945,366858.41
1946,164855.52
1947,311638.33
1948,168959.685
1949,255102.095
1950,177509.6
1951,272818.955
1952,249113.1
1953,167147.485
1954,206671.5
1955,132556.87
1956,277906.9
1957,169164.595
1958,312734.95
1959,137660.065
1960,117296.9
1961,119590.67
1962,93528.25
1963,107612.75
1964,111798.16
1965,151612.96
1966,152569.475
1967,284422.925
1968,394860.83
1969,373714.74
1970,417798.21
1971,418818.55
1972,361866.055
1973,272432.725
1974,311014.305
1975,483843.745
1976,277794.31
1977,360807.545
1978,349275.16
1979,338149.065
1980,198518.08
1981,341381.475
1982,232095.73
1983,219043.255
1984,169564.75
1985,207623.975
1986,209261.33
1987,179589.25
1988,178669.13
1989,190410.935
1990,217837.055
1991,221321.79
1992,213914.41
1993,171210.33
1994,243109.38
1995,185586.725
1996,252872.475
1997,318433.735
1998,355365.165
1999,253817.395
2000,307643.575
2001,271453.82
2002,231211.675
2003,252632.18
2004,268480.755
2005,224971.21
2006,224881.365
2007,247871.715
2008,209413.4
2009,189923.36
2010,189871.4
2011,149710.475
2012,181201.73
2013,180952.11
2014,188319.66
2015,195024.03
2016,192778.11
2017,204205.375
2018,124820.09
2019,135613.58166666667
2020,117488.495
2021,116587.41
2022,180359.49
2023,152451.55
2024,219934.735
2025,395482.07
2026,181797.325
2027,148375.00166666665
2028,155723.705
2029,171871.5
2030,279896.555
2031,256878.805
2032,280685.835
2033,277845.12
2034,163397.33
2035,208884.185
2036,188747.13
2037,194728.165
2038,329922.77
2039,207980.77
2040,403886.905
2041,280659.61
2042,203507.265
2043,167747.405
2044,168529.19
2045,235958.455
2046,137684.675
2047,156177.14
2048,133562.59
2049,137006.93
2050,175221.25
2051,106157.5
2052,131780.245
2053,143814.625
2054,87396.79
2055,159468.295
2056,127844.185
2057,127471.08
2058,219353.5
2059,127481.895
2060,166067.42
2061,173661.62
2062,137960.375
2063,114525.54
2064,140940.105
2065,122547.965
2066,172677.445
2067,120640.16
2068,138256.025
2069,85370.935
2070,109555.91
2071,94169.34
2072,145280.395
2073,136834.38166666668
2074,178364.67
2075,147898.25
2076,124342.735
2077,151144.37
2078,131070.75
2079,132222.6
2080,116172.195
2081,120744.0
2082,131543.125
2083,146767.7
2084,110888.53
2085,133133.56
2086,113230.675
2087,121055.225
2088,110657.97
2089,94202.5
2090,130925.95
2091,129640.465
2092,136692.255
2093,141137.755
2094,137898.125
2095,152492.49
2096,87866.865
2097,101758.92
2098,150384.265
2099,61756.84
2100,112741.64
2101,123037.295
2102,146308.05
2103,104469.28
2104,133777.435
2105,127391.25
2106,81173.94
2107,245516.025
2108,118201.34
2109,114736.31
2110,125301.12
2111,152819.17
2112,136599.805
2113,118597.75
2114,110052.415
2115,147335.705
2116,112557.755
2117,144364.71
2118,120620.4
2119,108544.305
2120,115439.485
2121,113856.505
2122,106393.345
2123,91539.025
2124,193318.45
2125,132309.68
2126,166281.33
2127,146498.84
2128,128362.93
2129,102131.365
2130,144950.48
2131,159522.55
2132,116472.32
2133,116871.02
2134,119451.195
2135,108287.3
2136,85909.07
2137,118051.325
2138,139215.3
2139,153139.75
2140,135200.875
2141,140784.66
2142,137375.475
2143,144495.9
2144,123293.515
2145,134886.75
2146,147023.085
2147,160602.32
2148,128447.06
2149,135213.0
2150,237159.575
2151,132992.8
2152,167396.59
2153,162099.5
2154,110226.25
2155,129043.16
2156,224238.915
2157,241726.235
2158,232787.51
2159,214595.015
2160,172023.715
2161,250725.125
2162,458272.295
2163,343637.715
2164,252333.06
2165,175888.97
2166,145162.2033333333
2167,206259.04
2168,209383.7
2169,190256.625
2170,218801.13
2171,141559.97
2172,144665.25
2173,158251.9
2174,241359.91
2175,308542.75
2176,316137.875
2177,252567.27
2178,223473.145
2179,143837.24166666667
2180,187044.91
2181,193610.1
2182,232008.06
2183,193946.575
2184,136066.005
2185,133692.935
2186,146468.53666666665
2187,148631.06
2188,152757.875
2189,189195.25
2190,84163.21
2191,89519.73
2192,92593.52
2193,99554.745
2194,103506.25
2195,111851.59
2196,106936.665
2197,109285.395
2198,154055.88
2199,164990.81
2200,134990.315
2201,137688.585
2202,198510.25
2203,163853.53
2204,172353.745
2205,113009.685
2206,135007.375
2207,235814.575
2208,233155.95
2209,192483.44
2210,123209.19
2211,114066.625
2212,113324.435
2213,103031.305
2214,140957.37
2215,103606.87
2216,145369.47
2217,69863.47
2218,89224.8
2219,70719.5
2220,85720.405
2221,333062.475
2222,253795.075
2223,261793.405
2224,213916.435
2225,137813.55
2226,183203.835
2227,199259.3
2228,276930.97
2229,243496.355
2230,158021.765
2231,214049.75
2232,180884.5
2233,173067.45
2234,252335.215
2235,199374.805
2236,281730.635
2237,354629.47
2238,205554.61
2239,123982.76
2240,162833.16
2241,150221.885
2242,136850.1
2243,137559.49
2244,94644.0
2245,94116.79
2246,146573.785
2247,103940.805
2248,124574.25
2249,126471.8
2250,138058.5
2251,121621.83
2252,177175.41
2253,156649.54
2254,176717.34
2255,190793.07
2256,181015.05
2257,194977.55
2258,174417.5
2259,178617.15
2260,149030.0
2261,185437.35
2262,209161.18
2263,326246.245
2264,439969.525
2265,164869.315
2266,284357.145
2267,364890.165
2268,371362.04
2269,162502.2
2270,181577.825
2271,251882.52
2272,204000.995
2273,166064.66
2274,171039.65
2275,164766.65
2276,165661.5
2277,181227.41
2278,155779.2
2279,123101.555
2280,117726.65
2281,177373.81
2282,173307.93
2283,96837.75
2284,110281.72
2285,149865.925
2286,129347.0
2287,333524.05
2288,265936.065
2289,381993.165
2290,421020.715
2291,309644.965
2292,391149.855
2293,466487.165
2294,382259.54
2295,450281.175
2296,285609.415
2297,308077.255
2298,316327.05
2299,386576.285
2300,312956.82
2301,269249.07
2302,231711.695
2303,241153.925
2304,243507.905
2305,185671.76
2306,185877.68
2307,186734.37
2308,219569.385
2309,281020.275
2310,222471.34
2311,196702.525
2312,181063.135
2313,175411.42
2314,176830.785
2315,171635.47
2316,186042.17
2317,178768.185
2318,172271.625
2319,176594.74
2320,181120.485
2321,252152.685
2322,169583.735
2323,180179.315
2324,166285.585
2325,220978.445
2326,164397.83
2327,213400.245
2328,221027.665
2329,181453.395
2330,178955.375
2331,351172.345
2332,407362.85
2333,310425.91
2334,261128.195
2335,252173.275
2336,336375.48
2337,200086.17
2338,288838.785
2339,231381.095
2340,383893.84
2341,219532.97
2342,238260.045
2343,217273.105
2344,240581.94
2345,242369.95
2346,218366.025
2347,195561.485
2348,231907.8
2349,159398.21
2350,273442.265
2351,261879.265
2352,245646.055
2353,203978.485
2354,134431.58
2355,158324.12
2356,154339.875
2357,200150.055
2358,199226.35
2359,124563.39
2360,120860.75
2361,139618.5
2362,260972.31
2363,140380.09
2364,151004.165
2365,220285.185
2366,192915.01
2367,224124.48
2368,202570.325
2369,221574.725
2370,169441.45
2371,169121.03
2372,191151.295
2373,254908.44
2374,296455.675
2375,237452.755
2376,274935.225
2377,366089.91
2378,135313.08
2379,197404.2
2380,143994.9
2381,160917.0
2382,186214.63
2383,211505.49
2384,241417.665
2385,151376.75
2386,142735.5
2387,134869.975
2388,104074.175
2389,130125.27
2390,134610.2
2391,136083.5166666667
2392,113533.94
2393,162467.45
2394,144799.25
2395,200783.55
2396,148311.25
2397,201437.75
2398,124737.145
2399,60139.885
2400,60319.66
2401,116152.955
2402,139243.375
2403,134440.66
2404,141989.435
2405,160833.7
2406,135185.3
2407,129768.83
2408,138938.425
2409,133421.125
2410,165588.87
2411,124078.25
2412,154148.67
2413,139832.625
2414,133699.105
2415,130307.27
2416,128017.63
2417,133553.315
2418,123907.33
2419,130054.375
2420,126965.9
2421,148663.75
2422,120618.13
2423,129180.795
2424,154118.67
2425,174489.49
2426,126148.625
2427,137743.785
2428,173601.605
2429,113240.45
2430,128876.465
2431,115803.83
2432,136334.375
2433,143388.25
2434,143580.435
2435,154978.135
2436,106650.65
2437,108566.84
2438,121440.075
2439,114075.27
2440,126142.5
2441,107334.795
2442,102891.995
2443,115091.81
2444,126377.605
2445,89239.68
2446,135438.855
2447,224434.395
2448,143306.555
2449,118928.83
2450,155152.395
2451,126724.605
2452,213872.61
2453,100637.78
2454,123202.825
2455,104203.935
2456,138864.31
2457,118411.685
2458,114544.27
2459,112530.435
2460,139518.155
2461,118315.315
2462,140144.095
2463,115593.9
2464,153962.045
2465,135167.935
2466,117047.675
2467,147979.695
2468,94520.75
2469,91644.545
2470,175488.47
2471,208954.8
2472,172716.41
2473,116472.955
2474,102959.085
2475,230847.725
2476,113287.96
2477,131694.965
2478,160580.41
2479,117237.265
2480,135930.05
2481,119608.595
2482,135105.1
2483,118676.0
2484,124760.5
2485,123768.455
2486,154058.125
2487,174148.845
2488,149707.875
2489,145377.345
2490,152159.375
2491,92652.095
2492,180693.98
2493,137369.965
2494,165393.06
2495,100503.205
2496,219020.005
2497,149310.185
2498,118342.875
2499,93837.65
2500,131008.31
2501,136506.875
2502,146042.375
2503,102861.085
2504,192763.265
2505,216235.845
2506,253089.535
2507,317238.88
2508,257085.01
2509,220012.945
2510,227238.19
2511,187518.71
2512,216172.895
2513,216055.645
2514,234666.175
2515,151252.5
2516,156596.705
2517,133382.04
2518,142402.375
2519,225828.315
2520,209418.275
2521,193553.055
2522,221301.68
2523,134586.25
2524,141504.925
2525,144345.0
2526,140369.25
2527,116161.5
2528,129097.215
2529,134739.85
2530,115527.54
2531,244817.27
2532,231212.125
2533,200944.32
2534,238965.59
2535,307978.915
2536,232087.435
2537,235293.41
2538,185957.515
2539,188708.98
2540,177077.675
2541,181038.315
2542,161430.86
2543,129377.965
2544,134476.105
2545,130406.085
2546,143829.7
2547,141873.05
2548,150990.475
2549,160602.475
2550,598532.165
2551,145454.7
2552,122100.695
2553,87822.105
2554,121029.95
2555,110461.875
2556,104304.905
2557,115618.87333333334
2558,157924.135
2559,137531.945
2560,130343.005
2561,139247.275
2562,139112.68
2563,147623.275
2564,171011.04
2565,125516.595
2566,153088.29
2567,132874.25
2568,182401.84
2569,184144.71
2570,122180.045
2571,168116.53
2572,182465.675
2573,241919.46
2574,300538.0
2575,127256.165
2576,130569.645
2577,161535.055
2578,97470.96
2579,84179.635
2580,132463.08
2581,134544.685
2582,118148.0
2583,294963.95
2584,162907.18
2585,177964.045
2586,210527.745
2587,206120.035
2588,153315.625
2589,146538.06666666665
2590,225490.465
2591,216495.93
2592,226045.085
2593,258862.58
2594,175521.675
2595,209988.44
2596,341819.505
2597,181128.055
2598,262297.26
2599,321039.755
2600,148303.02
2601,134527.135
2602,84413.055
2603,90404.79
2604,87068.415
2605,85072.06
2606,143408.3
2607,175265.435
2608,189803.35
2609,169347.965
2610,117012.0
2611,157004.25
2612,155833.33
2613,128845.25
2614,124271.55
2615,149392.16
2616,141040.0
2617,174154.37
2618,176648.0
2619,231503.94
2620,187529.425
2621,184021.21
2622,188564.3
2623,251284.305
2624,273093.365
2625,329398.725
2626,162589.48
2627,182808.425
2628,397170.6
2629,484709.285
2630,338523.47
2631,449778.835
2632,396011.265
2633,309673.62
2634,378410.97
2635,148493.71833333332
2636,197764.95
2637,162631.64
2638,258232.29
2639,180582.57
2640,152345.0
2641,109501.665
2642,189732.86
2643,108549.245
2644,131227.165
2645,99489.5
2646,91730.5
2647,98608.0
2648,137823.185
2649,134643.675
2650,149073.9
2651,152815.345
2652,438052.685
2653,249662.415
2654,248278.705
2655,372925.515
2656,329185.485
2657,341941.825
2658,274817.46
2659,299186.405
2660,321266.91
2661,342702.81
2662,349596.205
2663,278171.295
2664,278021.22
2665,309551.495
2666,284605.835
2667,168437.72
2668,180636.57
2669,177182.845
2670,290198.57
2671,180425.66
2672,183169.835
2673,203201.515
2674,198635.36
2675,168839.62
2676,187567.235
2677,199576.02
2678,269199.305
2679,273877.955
2680,272230.595
2681,416919.85
2682,325873.445
2683,503845.035
2684,308056.25
2685,346798.165
2686,265691.715
2687,321723.035
2688,227993.82
2689,212285.64
2690,489950.25
2691,187837.51
2692,139702.195
2693,191419.905
2694,136619.155
2695,194306.11
2696,187735.2
2697,190802.175
2698,199149.91
2699,180309.105
2700,167638.22
2701,149400.455
2702,115622.78
2703,135204.645
2704,143407.185
2705,127107.495
2706,118415.015
2707,123451.78
2708,137919.5
2709,113467.215
2710,128155.5
2711,280071.02
2712,357924.56
2713,175268.435
2714,149966.655
2715,172371.315
2716,158122.44
2717,182008.985
2718,232668.28
2719,157558.7
2720,165948.0
2721,141122.25
2722,159726.02
2723,144625.8
2724,128036.25
2725,136911.195
2726,149139.125
2727,164418.035
2728,168035.0
2729,153715.745
2730,146789.5
2731,121408.775
2732,118628.605
2733,160293.82
2734,143276.685
2735,135193.0
2736,141821.085
2737,124576.415
2738,134954.74
2739,160217.7
2740,135483.48
2741,147682.5
2742,151504.95
2743,150411.75
2744,146004.3
2745,136879.575
2746,133386.375
2747,156769.36
2748,124458.96
2749,131263.165
2750,135731.75
2751,130573.75
2752,234439.555
2753,151419.405
2754,193054.81
2755,131173.52
2756,99568.205
2757,74043.115
2758,91955.495
2759,158332.52
2760,143104.96
2761,148497.25
2762,145522.25
2763,186315.25
2764,168842.05
2765,263434.975
2766,142882.66
2767,91625.75
2768,130358.015
2769,124332.875
2770,155601.45
2771,121348.785
2772,127456.285
2773,145324.65
2774,137674.42
2775,134753.575
2776,150625.94
2777,150233.52
2778,124142.65
2779,124591.17
2780,112438.065
2781,103471.24
2782,100325.79
2783,107171.375
2784,129235.84
2785,139608.41
2786,83114.91
2787,119078.79
2788,89063.395
2789,224385.86
2790,96337.465
2791,117934.755
2792,84126.215
2793,161679.27
2794,111073.59
2795,117942.92
2796,104762.935
2797,187876.15
2798,126309.495
2799,120093.725
2800,78214.365
2801,114687.4
2802,140404.33
2803,154056.045
2804,145611.57
2805,94247.4
2806,94203.4
2807,160416.46
2808,148964.525
2809,135611.58
2810,135100.29
2811,159335.855
2812,145839.735
2813,145191.59
2814,158274.02
2815,101599.845
2816,249126.455
2817,134245.745
2818,132956.05
2819,172943.19
2820,133340.62
2821,107611.725
2822,194218.85
2823,230558.72
2824,172416.32
2825,148599.61
2826,136471.05
2827,142404.75
2828,211747.77
2829,176370.745
2830,236021.84
2831,191710.335
2832,217087.52
2833,288880.51
2834,219506.59
2835,215967.81
2836,194255.71
2837,166118.16
2838,144120.15
2839,182337.025
2840,193335.155
2841,204691.465
2842,221631.5
2843,146854.775
2844,159593.095
2845,125774.335
2846,212849.005
2847,199408.45
2848,221485.215
2849,212802.21
2850,282203.285
2851,234869.43
2852,228402.605
2853,236225.835
2854,141210.41666666666
2855,199041.335
2856,210577.4
2857,190236.67
2858,197885.525
2859,139463.115
2860,127321.75
2861,126418.505
2862,193220.77
2863,120909.5
2864,260912.36
2865,141530.83
2866,133782.225
2867,97577.29
2868,121122.35
2869,126126.83
2870,156720.21
2871,107720.645
2872,62267.855
2873,104674.58
2874,141374.545
2875,119439.07
2876,160256.7
2877,142477.785
2878,162040.71
2879,147717.16
2880,108028.15
2881,154194.72
2882,159307.74
2883,171639.475
2884,173700.75
2885,189327.87
2886,194003.805
2887,101689.88
2888,129144.29
2889,65243.955
2890,91177.845
2891,137639.63
2892,57149.625
2893,106477.15
2894,63868.06
2895,321739.35
2896,283176.26
2897,189456.06
2898,151718.325
2899,226722.76
2900,160760.25
2901,184757.36
2902,187775.055
2903,343281.145
2904,354820.84
2905,111216.1
2906,199936.325
2907,114853.495
2908,128461.25
2909,145986.08
2910,83634.0
2911,84238.055
2912,151939.75
2913,88033.5
2914,84120.75
2915,85357.75
2916,84539.75
2917,155983.33
2918,112452.05
2919,225896.63
